name,badge_1,badge_2,badge_3,mrp,discounted_price,discount,rating,rating_count,link
Einstein Box | Baby Toys Set of Rattle Toys + High Contrast Books+ High Contrast Flashcards For Infants and Newborns of 0-12 months | Set of Rattle Toys + High Contrast Books+ High Contrast Flashcards| Baby Boys and Girls  ,Deal of the Day ,Sponsored,,₹999,₹569,Save ₹430 (43%),4.4 out of 5 stars,172,https://www.amazon.in/gp/slredirect/picassoRedirect.html/ref=pa_sp_atf_aps_sr_pg1_1?ie=UTF8&adId=A04026192YS4HNKWNRHF&url=%2FEinstein-Box-Contrast-Flashcards-Newborns%2Fdp%2FB08LBFRY6J%2Fref%3Dsr_1_1_sspa%3Fdchild%3D1%26keywords%3Dbaby%2Btoys%26qid%3D1625630705%26sr%3D8-1-spons%26psc%3D1&qualifier=1625630705&id=7949506070549137&widgetName=sp_atf
"Little's Soft Plush Baby Ball with Rattle Sound (11 cm), Multi color  ",Best seller,Sponsored,,₹210,₹159,Save ₹51 (24%),4.0 out of 5 stars,"5,087",https://www.amazon.in/gp/bestsellers/toys/1378178031/ref=sr_bs_1_1378178031_1
CUBS & HUGS Soft Toys for Babies Multi Color Ball Baby Toys (Small 11Cm)  ,,Sponsored,,₹499,₹249,Save ₹250 (50%),3.8 out of 5 stars,4,https://www.amazon.in/gp/slredirect/picassoRedirect.html/ref=pa_sp_atf_aps_sr_pg1_1?ie=UTF8&adId=A0842233168SWZNWDZH4Q&url=%2FCUBS-HUGS-Babies-Multi-Color%2Fdp%2FB08VWDS17N%2Fref%3Dsr_1_3_sspa%3Fdchild%3D1%26keywords%3Dbaby%2Btoys%26qid%3D1625630705%26sr%3D8-3-spons%26psc%3D1&qualifier=1625630705&id=7949506070549137&widgetName=sp_atf
RVEE Kids Bath Kit 7 in 1 – Baby Shower Gift Set – Baby Bath Toys - Baby Bath Sponge - Baby Bath Kit - Pack of 7 Different Essential Bath Accessories for Hygienic and Fun Bath Time.  ,,Sponsored,,"₹1,499",₹499,"Save ₹1,000 (67%)",4.7 out of 5 stars,7,https://www.amazon.in/gp/slredirect/picassoRedirect.html/ref=pa_sp_atf_aps_sr_pg1_1?ie=UTF8&adId=A0716294Z8CDLM4A911C&url=%2FRVEE-Kids-Bath-Kit-Accessories%2Fdp%2FB093266QVS%2Fref%3Dsr_1_4_sspa%3Fdchild%3D1%26keywords%3Dbaby%2Btoys%26qid%3D1625630705%26sr%3D8-4-spons%26psc%3D1&qualifier=1625630705&id=7949506070549137&widgetName=sp_atf
Ratna's Junior Smiley Stacking Multicolour 5 Rings for Toddlers  ,Amazon's Choice,,,₹150,₹138,Save ₹12 (8%),4.1 out of 5 stars,"7,228",https://www.amazon.in/Toyztrend-Junior-Stacking-Multicolour-Toddlers/dp/B075F7V3J4/ref=ice_ac_b_dpb?dchild=1&keywords=baby+toys&qid=1625630705&sr=8-5
Cable World Kick and Play Musical Keyboard Mat Piano Baby Gym and Fitness Rack (Assorted Colour)  ,Best sellerDeal of the Day ,,,,₹949,,3.9 out of 5 stars,"4,189",https://www.amazon.in/gp/bestsellers/baby/1953108031/ref=sr_bs_5_1953108031_1
Cable World Colourful Plastic Non Toxic pack of 8 Attractive Rattle for New Borns(Multi color)  ,Deal of the Day ,,,,₹349,,4.4 out of 5 stars,"3,372",https://www.amazon.in/Cable-World%C2%AE-Colourful-Plastic-Attractive/dp/B083KH2779/ref=sr_1_7?dchild=1&keywords=baby+toys&qid=1625630705&sr=8-7
"WISHKEY Plastic Bath Toy Set of 14 Pcs Chu Chu Colorful Animal Shape Toy for New Born Babies, Fun Bathtime Buddies for Toddlers (Pack of 14, Multicolor)  ",Best seller,,,₹379,₹349,Save ₹30 (8%),4.2 out of 5 stars,"3,649",https://www.amazon.in/gp/bestsellers/toys/1378183031/ref=sr_bs_7_1378183031_1
"Little's Junior Ring (Plastic,Multicolour)  ",Best seller,,,₹225,₹159,Save ₹66 (29%),4.3 out of 5 stars,"17,536",https://www.amazon.in/gp/bestsellers/toys/1378194031/ref=sr_bs_8_1378194031_1
"Popsugar - THLL818-1R Mini Laptop with Learning Games, Red  ",,,,₹749,₹309,Save ₹440 (59%),3.3 out of 5 stars,652,https://www.amazon.in/Popsugar-Mini-Laptop-Learning-Games/dp/B07QPG77P8/ref=sr_1_10?dchild=1&keywords=baby+toys&qid=1625630705&sr=8-10
"Toyshine Pack of 8 Rattle and Teather Set for New Born Babies, 5 Rattle Set and 3 Teathers, Non-Toxic  ",,,,₹699,₹399,Save ₹300 (43%),4.3 out of 5 stars,313,https://www.amazon.in/Toyshine-Rattle-Teather-Teathers-Non-Toxic/dp/B08PFSCB9Q/ref=sr_1_11?dchild=1&keywords=baby+toys&qid=1625630705&sr=8-11
Babique Ball Stuffed Soft Toy Plush for Kids Baby Boy Girl Birthday  ,,,,,₹115,,4.0 out of 5 stars,772,https://www.amazon.in/Babique-Penguin-Stuffed-Plush-Birthday/dp/B08LTGRLD2/ref=sr_1_12?dchild=1&keywords=baby+toys&qid=1625630705&sr=8-12
Storio Colorful Floating Baby Toys Bath Aquatic Animals Chu Chu Toys for Newborn Babies - 14 Pcs  ,,,Only 1 left in stock.,,₹291,,4.2 out of 5 stars,"2,088",https://www.amazon.in/Storio-Colorful-Floating-Aquatic-Animals/dp/B07QVDF5M6/ref=sr_1_13?dchild=1&keywords=baby+toys&qid=1625630705&sr=8-13
"FunBlast Musical Mobile Phone for Kids, Mobile with Light & Sound Toys for Babies | Educational Toys for Kids 3+ Years/Boys/Girls-1 Unit (Random Color)  ",Best sellerLimited time deal,,,₹999,₹331,Save ₹668 (67%),3.8 out of 5 stars,554,https://www.amazon.in/gp/bestsellers/toys/1378298031/ref=sr_bs_13_1378298031_1
"RYLAN Baby Kids Water Play Mat Toys Inflatable Tummy Time Leakproof Water Play Mat, Fun Activity Play Center Indoor and Outdoor Water Play Mat for Baby(Regular)  ",,,,,₹949,,4.9 out of 5 stars,114,https://www.amazon.in/Inflatable-Leakproof-Activity-Outdoor-Regular/dp/B096SDRLZ4/ref=sr_1_15?dchild=1&keywords=baby+toys&qid=1625630705&sr=8-15
BabyGo Rotating Giraffe Musical Rattle Cot Mobile for Cradle and Bed Jhoomer ( No Batteries Needed)  ,,,,₹899,₹675,Save ₹224 (25%),4.2 out of 5 stars,"1,878",https://www.amazon.in/BabyGo-Rotating-Giraffe-Musical-Batteries/dp/B07NDWBHW3/ref=sr_1_16?dchild=1&keywords=baby+toys&qid=1625630705&sr=8-16
"WISHKEY Colorful Attractive Plastic Non Toxic Set of 7 Shake & Grab Rattle and 1 Soothing Teether for New Born and Infants (Pack of 8 , Multicolor)  ",Best seller,,,₹599,₹429,Save ₹170 (28%),4.4 out of 5 stars,"11,058",https://www.amazon.in/gp/bestsellers/toys/1378181031/ref=sr_bs_16_1378181031_1
"WISHKEY Plastic Colorful Non Toxic BPA Free 9 Shake & Grab Rattles and 3 Soothing Teethers for Babies & Infants, Early Age Toys for Kids ( Pack of 12, Multicolor)  ",Best seller,,,₹599,₹569,Save ₹30 (5%),4.4 out of 5 stars,"11,058",https://www.amazon.in/gp/bestsellers/toys/1378181031/ref=sr_bs_17_1378181031_1
Toyshine Dancing Dog with Music Flashing Lights  ,,,,₹999,₹499,Save ₹500 (50%),4.0 out of 5 stars,"5,196",https://www.amazon.in/Toyshine-Dancing-Music-Flashing-Lights/dp/B074Y7KQD1/ref=sr_1_19?dchild=1&keywords=baby+toys&qid=1625630705&sr=8-19
"Little's Soft Plush Baby Ball with Rattle Sound (11 cm), Multi color  ",Best seller,,,₹210,₹159,Save ₹51 (24%),4.0 out of 5 stars,"5,087",https://www.amazon.in/gp/bestsellers/toys/1378178031/ref=sr_bs_19_1378178031_1
"linenaffairs Organic Cotton Baby Muslin Washcloth 250 GSM (Set Of 10, Random Colors)  ",,Sponsored,,₹399,₹250,Save ₹149 (37%),4.1 out of 5 stars,"1,607",https://www.amazon.in/gp/slredirect/picassoRedirect.html/ref=pa_sp_mtf_aps_sr_pg1_1?ie=UTF8&adId=A0602426NWONE866L89Q&url=%2FSwaddle-wrap-New-Born-Blankets%2Fdp%2FB07W933M9J%2Fref%3Dsr_1_21_sspa%3Fdchild%3D1%26keywords%3Dbaby%2Btoys%26qid%3D1625630705%26sr%3D8-21-spons%26psc%3D1&qualifier=1625630705&id=7949506070549137&widgetName=sp_mtf
"Little's Baby Pants Diapers with Wetness Indicator and 12 Hours Absorption, Large (L), 9-14 kg, 60 Count  ",,Sponsored,,₹798,₹595,Save ₹203 (25%),4.1 out of 5 stars,"14,427",https://www.amazon.in/gp/slredirect/picassoRedirect.html/ref=pa_sp_mtf_aps_sr_pg1_1?ie=UTF8&adId=A0913703FK32VB9AMMFB&url=%2FLittles-Diapers-Wetness-Indicator-Absorption%2Fdp%2FB08J126QF9%2Fref%3Dsr_1_22_sspa%3Fdchild%3D1%26keywords%3Dbaby%2Btoys%26qid%3D1625630705%26sr%3D8-22-spons%26psc%3D1&qualifier=1625630705&id=7949506070549137&widgetName=sp_mtf
Toyshine Push and Shake Wobbling Bell Sounds Roly Poly Tumbler Doll (Multicolour)  ,,Sponsored,,₹899,₹449,Save ₹450 (50%),4.2 out of 5 stars,"3,010",https://www.amazon.in/gp/slredirect/picassoRedirect.html/ref=pa_sp_mtf_aps_sr_pg1_1?ie=UTF8&adId=A04475684UUNA686W40M&url=%2FToyshine-Wobbling-Sounds-Tumbler-Multicolour%2Fdp%2FB073WVT662%2Fref%3Dsr_1_23_sspa%3Fdchild%3D1%26keywords%3Dbaby%2Btoys%26qid%3D1625630705%26sr%3D8-23-spons%26psc%3D1&qualifier=1625630705&id=7949506070549137&widgetName=sp_mtf
CRITEX MART Double Sided Water Proof Baby Mat Carpet Baby Crawl Play Mat Kids Infant Crawling Play Mat Carpet Baby Gym Water Resistant Baby Play & Crawl Mat Playmat for Babies (6 Feet X 4 Feet)  ,,Sponsored,,"₹1,199",₹549,Save ₹650 (54%),4.2 out of 5 stars,21,https://www.amazon.in/gp/slredirect/picassoRedirect.html/ref=pa_sp_mtf_aps_sr_pg1_1?ie=UTF8&adId=A044489318NAWNSFKL13E&url=%2FCRITEX-MART-Crawling-Resistant-Playmat%2Fdp%2FB095SNT3WC%2Fref%3Dsr_1_24_sspa%3Fdchild%3D1%26keywords%3Dbaby%2Btoys%26qid%3D1625630705%26sr%3D8-24-spons%26psc%3D1&qualifier=1625630705&id=7949506070549137&widgetName=sp_mtf
"ESTON 1ST EDITION Teddy Bear Soft Toy (Bulldog-29 Cm Parrot- 24 Cm Balloon Teddy- 24 Cm Pikachu-25 Cm Elephant-25 Cm , Mixed Colour)  ",,,,"₹1,199",₹545,Save ₹654 (55%),4.1 out of 5 stars,665,https://www.amazon.in/ESTON-Bulldog-Elephant-Birthday-Valentine/dp/B08L9R6JXX/ref=sr_1_25?dchild=1&keywords=baby+toys&qid=1625630705&sr=8-25
"SaleOn Pack of 12 Pcs Mix Cute Animals Swimming Water Toys Non-Toxic,BPA Free Colorful Soft Rubber Float Squeeze Sound Squeaky Bathing Toy for Baby Chu Chu Toy Set - Mix Animals ,Multi Color  ",,,,,₹299,,4.1 out of 5 stars,691,https://www.amazon.in/Animals-Swimming-Non-Toxic-Colorful-Squeeze/dp/B07ZDDHGFT/ref=sr_1_26?dchild=1&keywords=baby+toys&qid=1625630705&sr=8-26
"Pikipo Kitty Face Rattle Cum Soft Toy (Squeeze Handle for Squeaky Sound)-Plush,Red,Pack of 1  ",,,,₹349,₹219,Save ₹130 (37%),4.3 out of 5 stars,"4,264",https://www.amazon.in/Pikipo-Rattle-Squeeze-Handle-Squeaky/dp/B07RYWLT6L/ref=sr_1_27?dchild=1&keywords=baby+toys&qid=1625630705&sr=8-27
"SNOWIE SOFT®6 Pack Baby Cloth Books, My First Non-Toxic Soft Clothing Books Early Educational Toys Gifts Activity Crinkle Cloth Book for Toddler, Infants (Red-6pcs)  ",,,,,₹726,,3.9 out of 5 stars,7,https://www.amazon.in/SNOWIE-Non-Toxic-Clothing-Educational-Activity/dp/B08X3C8VQY/ref=sr_1_28?dchild=1&keywords=baby+toys&qid=1625630705&sr=8-28
Tutooze Mickey Shape Soft Plush Cushion Baby Sofa Seat or Rocking Chair for Kids 0 to 4 Years (Red and Black)  ,,,,"₹1,599",₹740,Save ₹859 (54%),4.0 out of 5 stars,49,https://www.amazon.in/Tutooze-Mickey-Shape-Cushion-Rocking/dp/B08ZJKKTP6/ref=sr_1_29?dchild=1&keywords=baby+toys&qid=1625630705&sr=8-29
RVA Pooh Toy Shape Baby Supporting Seat Soft Plush Cushion and Chair for Kids - Yellow (0-4 Years)  ,,,,"₹1,999",₹899,"Save ₹1,100 (55%)",4.0 out of 5 stars,2,https://www.amazon.in/RVA-Shape-Supporting-Plush-Cushion/dp/B08THDLXCT/ref=sr_1_30?dchild=1&keywords=baby+toys&qid=1625630705&sr=8-30
Future Shop Pack of 4 Elegant Soft Toys Combo Set Penguin/Elephant/Unicorn/Rabbit Toy Animals for You - 28 cm (Multicolor)  ,,,,₹999,₹579,Save ₹420 (42%),,,https://www.amazon.in/Future-Elegant-Penguin-Elephant-Unicorn/dp/B097RZT8K3/ref=sr_1_31?dchild=1&keywords=baby+toys&qid=1625630705&sr=8-31
"Toyshine Dancing Dog with Music, Flashing Lights (Battery Included)- Multi Color  ",,,,₹999,₹529,Save ₹470 (47%),4.0 out of 5 stars,"5,196",https://www.amazon.in/Toyshine-Dancing-Flashing-Battery-Included/dp/B085DS2BZ5/ref=sr_1_32?dchild=1&keywords=baby+toys&qid=1625630705&sr=8-32
"LONGMIRE Baby and Toddler Plastic First Block Shape, Sorter, Colors, ABCD Shape, Toys for 1 Year Old (Multicolour)  ",,,,₹699,₹539,Save ₹160 (23%),3.9 out of 5 stars,108,https://www.amazon.in/LONGMIRE-Toddler-Plastic-Sorter-Multicolour/dp/B091884VRC/ref=sr_1_33?dchild=1&keywords=baby+toys&qid=1625630705&sr=8-33
"Spanking Plastic Flash Drum with 3D Lights and Musical Toys , Multicolour, 2 Year  ",Best seller,,,₹499,₹386,Save ₹113 (23%),3.8 out of 5 stars,"2,115",https://www.amazon.in/gp/bestsellers/toys/1378413031/ref=sr_bs_33_1378413031_1
Babique Ball Stuffed Soft Toy Plush for Kids Baby Boy Girl Birthday  ,,,,,₹115,,4.1 out of 5 stars,848,https://www.amazon.in/Babique-Unicorn-Stuffed-Plush-Birthday/dp/B08LTGVND9/ref=sr_1_35?dchild=1&keywords=baby+toys&qid=1625630705&sr=8-35
Zest 4 Toyz Musical Baby Crawling Toy for Kids with 3D Lights& Music Toys for Babies - Assorted  ,,,,₹999,₹469,Save ₹530 (53%),4.1 out of 5 stars,873,https://www.amazon.in/Zest-Toyz-Weeping-Naughty-Crawling/dp/B07TV7BC7X/ref=sr_1_36?dchild=1&keywords=baby+toys&qid=1625630705&sr=8-36
"Cable World Stunt Tricycle Bump and Go Toy with 4D Lights, Dancing Toy, Battery Operated Toy,Plastic - Multi Color(Pack of 1)  ",Deal of the Day ,,,,₹559,,4.6 out of 5 stars,927,https://www.amazon.in/Cable-Tricycle-Dancing-Battery-Operated/dp/B08BJC3HXK/ref=sr_1_37?dchild=1&keywords=baby+toys&qid=1625630705&sr=8-37
"TUMTUM Colorful Lovely Attractive Rattles Light Music Baby Fun Ball, with Non-Toxic - Baby Ball for Babies, Toddlers, Infants Toys for Children Baby Boys and Girls. (ABS Baby Ball) (Light Music Ball)  ",,,,₹499,₹449,Save ₹50 (10%),4.3 out of 5 stars,12,https://www.amazon.in/TUMTUM-Colorful-Attractive-Rattles-Non-Toxic/dp/B08K7CDL2F/ref=sr_1_38?dchild=1&keywords=baby+toys&qid=1625630705&sr=8-38
"wishkey colourful plastic bpa free non toxic pack of 7 musical instruments rattle for new borns,maraca,blowing trumpets, tambourines, castanets- Multi color  ",Best seller,,,₹499,₹369,Save ₹130 (26%),4.4 out of 5 stars,"11,058",https://www.amazon.in/gp/bestsellers/toys/1378181031/ref=sr_bs_38_1378181031_1
Styleys Animal Finger Puppets - Set of 10  ,Best seller,,,₹599,₹389,Save ₹210 (35%),3.7 out of 5 stars,"1,694",https://www.amazon.in/gp/bestsellers/toys/1378466031/ref=sr_bs_39_1378466031_1
"Fisher-Price Original Rock-a-Stack,Multicolor, Classic stacking toy with 5 colorful rings to grasp, shake, and stack!  ",,,,₹299,₹249,Save ₹50 (17%),4.5 out of 5 stars,"6,349",https://www.amazon.in/Fisher-Price-Brilliant-Basics-Rock-a-Stack-Multicolor/dp/B00000IZQP/ref=sr_1_41?dchild=1&keywords=baby+toys&qid=1625630705&sr=8-41
"Soniya Enterprises Combo 5 pics Animale Soft Toys Set Elephant 40cm with 2 Baby , Rabbit 30cm , Panda 30cm , Pikachu 30cm , Parrot 35 cm for Kids Playing Soft Toys  ",,,,₹999,₹575,Save ₹424 (42%),3.4 out of 5 stars,26,https://www.amazon.in/Soniya-Enterprises-Animale-Elephant-Pikachu/dp/B092M9J8F1/ref=sr_1_42?dchild=1&keywords=baby+toys&qid=1625630705&sr=8-42
Fun4You Unicorn Stuffed Soft Toy Plush for Kids Baby Boy Girl Birthday (25Cm- Pink)  ,,,,₹699,₹192,Save ₹507 (73%),5.0 out of 5 stars,1,https://www.amazon.in/Fun4You-Unicorn-Stuffed-Plush-Birthday/dp/B097HHNK6H/ref=sr_1_43?dchild=1&keywords=baby+toys&qid=1625630705&sr=8-43
"Soniya Enterprises Pack of 4 Elegant Soft Toys Combo Set Bull Dog , Pink Balloon , Yellow Unicorn , Grey Mother Elephant Special Offers Toy Animals for You - 42 cm (Multicolor)  ",,,,₹999,₹575,Save ₹424 (42%),3.3 out of 5 stars,57,https://www.amazon.in/Soniya-Enterprises-Elegant-Balloon-Elephant/dp/B092M917CZ/ref=sr_1_44?dchild=1&keywords=baby+toys&qid=1625630705&sr=8-44
"Butterfly EduFields Magnetic Shapes Puzzles Toys for Kids Boys & Girls -Pack of 23 Pieces | Educational Foam Toy Gift for Unlimited Imaginative Fun & Play for Baby, Made in India(Multi color)  ",,,,₹499,₹419,Save ₹80 (16%),4.2 out of 5 stars,"1,821",https://www.amazon.in/ButterflyFields-Magnetic-Shapes-Unlimited-Imaginative/dp/B084BZ2S37/ref=sr_1_45?dchild=1&keywords=baby+toys&qid=1625630705&sr=8-45
Babique Ball Stuffed Soft Toy Plush for Kids Baby Boy Girl Birthday  ,,,,,₹115,,4.1 out of 5 stars,169,https://www.amazon.in/Babique-Unicorn-Stuffed-Birthday-Yellow/dp/B08LTGRJSV/ref=sr_1_46?dchild=1&keywords=baby+toys&qid=1625630705&sr=8-46
"wirescorts 5 layer ball drop and roll swirling tower for baby and toddler development educational toys | stack, drop and go ball ramp toy set includes 3 spinning acrylic activity balls- Multi color  ",,,,,₹629,,4.4 out of 5 stars,245,https://www.amazon.in/wirescorts-swirling-development-educational-spinning/dp/B08FM7F34J/ref=sr_1_47?dchild=1&keywords=baby+toys&qid=1625630705&sr=8-47
"FALONG Tummy time Baby Water Mat Inflatable Baby Play Mat Activity Center for Infant Baby Toys,Thick, for Play, Toy, Educational Activities Center, for Babies and Children  ",,,,₹799,₹480,Save ₹319 (40%),3.6 out of 5 stars,28,https://www.amazon.in/FALONG-Inflatable-Activity-Educational-Activities/dp/B093WW1Q9V/ref=sr_1_48?dchild=1&keywords=baby+toys&qid=1625630705&sr=8-48
"Long Soft Cute Hanging Monkey Soft Toy Soft Stuffed Animal Plush Toy for Girls Boys Baby and Kids, Cute Cuddly Soft Toy Gifts - (54cm, Brown)  ",,,,₹999,₹375,Save ₹624 (62%),5.0 out of 5 stars,1,https://www.amazon.in/Hanging-Monkey-Stuffed-Animal-Cuddly/dp/B096FNH64F/ref=sr_1_49?dchild=1&keywords=baby+toys&qid=1625630705&sr=8-49
"CONCEPT RACING Multi Colour Soft Kid Caterpillar Soft Toy for Kids, Children, Baby (56 cm)  ",,,,₹999,₹229,Save ₹770 (77%),3.6 out of 5 stars,9,https://www.amazon.in/CONCEPT-RACING-Colour-Caterpillar-Children/dp/B0968VYW55/ref=sr_1_50?dchild=1&keywords=baby+toys&qid=1625630705&sr=8-50
"SaleOn Pack of 14 Pcs chu chu Mix Cute Animals Swimming Water Toys Non-Toxic , BPA Free Colorful Soft Rubber Float Squeeze Sound Squeaky Bathing Toy for Baby Chu Chu Toy Set (1319)Multi color  ",,,,,₹339,,4.2 out of 5 stars,161,https://www.amazon.in/Animals-Swimming-Non-Toxic-Colorful-Squeeze/dp/B082WHR72W/ref=sr_1_51?dchild=1&keywords=baby+toys&qid=1625630705&sr=8-51
Toyshine Push and Shake Wobbling Bell Sounds Roly Poly Tumbler Doll (Multicolour)  ,,,,₹899,₹449,Save ₹450 (50%),4.2 out of 5 stars,"3,010",https://www.amazon.in/Toyshine-Wobbling-Sounds-Tumbler-Multicolour/dp/B073WVT662/ref=sr_1_52?dchild=1&keywords=baby+toys&qid=1625630705&sr=8-52
"HUG 'N' FEEL SOFT TOYS Elephant with Baby Soft Toy | Birthday Gift for Girls/Wife, Boyfriend/Husband, Soft Toys Wedding/Anniversary Gift for Couple Special, Baby Toys Gift Items, (30 cm)  ",Best sellerDeal of the Day ,,,₹999,₹359,Save ₹640 (64%),4.1 out of 5 stars,"11,403",https://www.amazon.in/gp/bestsellers/toys/1378446031/ref=sr_bs_52_1378446031_1
Mallexo Paw Patrol Bath Toys for Kids Set of 3PCs Soft Paw Patrol Toys for Boys and Girls Multi-Color Bath Toys for Baby Girl and Boys ( Chu Chu Toys for Baby )  ,,,,₹799,₹325,Save ₹474 (59%),,,https://www.amazon.in/Mallexo-Patrol-Bath-Girls-Multi-Color/dp/B097LCYM8G/ref=sr_1_54?dchild=1&keywords=baby+toys&qid=1625630705&sr=8-54
Bantoo New Born Baby Bedding Set Play Gym with Mosquito Net Neck Pillow and Hanging Toys for 0-6 Months Baby Boy's & Baby Girl's (Green Cat)  ,,,,₹999,₹649,Save ₹350 (35%),5.0 out of 5 stars,1,https://www.amazon.in/Bantoo-Bedding-Mosquito-Pillow-Hanging/dp/B08ZCPH9RD/ref=sr_1_55?dchild=1&keywords=baby+toys&qid=1625630705&sr=8-55
"Cable World Plastic 3D with 360 Degree Rotation, Gear Simulation Mechanical Sound and Light Car Toy for Boys and Girls (Multicolor, Multi Design)  ",Deal of the Day ,,,,₹449,,4.4 out of 5 stars,697,https://www.amazon.in/Cable-World%C2%AE-Rotation-Simulation-Mechanical/dp/B08H8MM6WT/ref=sr_1_56?dchild=1&keywords=baby+toys&qid=1625630705&sr=8-56
"Little's Junior Ring (Plastic,Multicolour)  ",Best seller,Sponsored,,₹225,₹159,Save ₹66 (29%),4.3 out of 5 stars,"17,536",https://www.amazon.in/gp/bestsellers/toys/1378194031/ref=sr_bs_56_1378194031_1
A Baby Cherry Bamboo Baby Towel 500 GSM (Grey)  ,,Sponsored,,"₹1,599",₹999,Save ₹600 (38%),4.2 out of 5 stars,36,https://www.amazon.in/gp/slredirect/picassoRedirect.html/ref=pa_sp_btf_aps_sr_pg1_1?ie=UTF8&adId=A01301712BDO7P76OBWC0&url=%2FBaby-Cherry-Absorbent-Organic-Toddlers%2Fdp%2FB08HYFNLVT%2Fref%3Dsr_1_58_sspa%3Fdchild%3D1%26keywords%3Dbaby%2Btoys%26qid%3D1625630705%26sr%3D8-58-spons%26psc%3D1&qualifier=1625630705&id=7949506070549137&widgetName=sp_btf
Aveeno Baby Daily Moisturising Bath for Delicate Skin (354ml)  ,,Sponsored,,₹799,₹687,Save ₹112 (14%),4.4 out of 5 stars,"3,761",https://www.amazon.in/gp/slredirect/picassoRedirect.html/ref=pa_sp_btf_aps_sr_pg1_1?ie=UTF8&adId=A08228011C6H35SJ4ODXH&url=%2FAveeno-Daily-Moisturising-Delicate-354ml%2Fdp%2FB072X5MNF3%2Fref%3Dsr_1_59_sspa%3Fdchild%3D1%26keywords%3Dbaby%2Btoys%26qid%3D1625630705%26sr%3D8-59-spons%26psc%3D1&qualifier=1625630705&id=7949506070549137&widgetName=sp_btf
"Hapsters Baby Push Walker with Lights, Music and Adjustable Speed (Blue)  ",,Sponsored,Only 2 left in stock.,"₹6,999","₹4,999","Save ₹2,000 (29%)",4.0 out of 5 stars,17,https://www.amazon.in/gp/slredirect/picassoRedirect.html/ref=pa_sp_btf_aps_sr_pg1_1?ie=UTF8&adId=A0992848IU67IQL0MWLD&url=%2FHapsters-Pallo-Walker-Lights-Adjustable%2Fdp%2FB07ZNLXQ11%2Fref%3Dsr_1_60_sspa%3Fdchild%3D1%26keywords%3Dbaby%2Btoys%26qid%3D1625630705%26sr%3D8-60-spons%26psc%3D1&qualifier=1625630705&id=7949506070549137&widgetName=sp_btf
"Little's Baby Soft Ball with Rattle Sound-Plush,Multicolor,Large Size (18 cm)  ",Best seller,Sponsored,,,₹339,,4.0 out of 5 stars,"5,087",https://www.amazon.in/gp/bestsellers/toys/1378178031/ref=sr_bs_0_1378178031_1
Johnson's Baby Care Collection Baby Gift Set with Organic Cotton Baby T-Shirt (7 Pieces)  ,Best seller,Sponsored,,₹340,₹296,Save ₹44 (13%),4.3 out of 5 stars,"8,297",https://www.amazon.in/gp/bestsellers/baby/8360552031/ref=sr_bs_1_8360552031_1
"Mee Mee Fluoride-Free Strawberry Flavor Toothpaste, 70 g (Pack of 2)  ",,Sponsored,,₹298,₹223,Save ₹75 (25%),4.3 out of 5 stars,"1,051",https://www.amazon.in/gp/slredirect/picassoRedirect.html/ref=pa_sp_atf_next_aps_sr_pg2_1?ie=UTF8&adId=A03275901VE463WTIUCG5&url=%2FMee-Fluoride-Free-Toothpaste-Strawberry-Pack%2Fdp%2FB075FTKYC7%2Fref%3Dsr_1_51_sspa%3Fdchild%3D1%26keywords%3Dbaby%2Btoys%26qid%3D1625630727%26sr%3D8-51-spons%26psc%3D1&qualifier=1625630727&id=6725483174510079&widgetName=sp_atf_next
"WEIRVI Rubber Hop Ball, Size Standard (Multicolour)  ",,Sponsored,,₹899,₹449,Save ₹450 (50%),3.7 out of 5 stars,223,https://www.amazon.in/gp/slredirect/picassoRedirect.html/ref=pa_sp_atf_next_aps_sr_pg2_1?ie=UTF8&adId=A08454548QWC5AZJBHPT&url=%2FWEIRVI-Jumping-Bouncing-Inflatable-Multi-Color%2Fdp%2FB08GLK7QXF%2Fref%3Dsr_1_52_sspa%3Fdchild%3D1%26keywords%3Dbaby%2Btoys%26qid%3D1625630727%26sr%3D8-52-spons%26psc%3D1&qualifier=1625630727&id=6725483174510079&widgetName=sp_atf_next
Tilak Venture® Non Toxic 4 Pcs Rattle Toys and 4 Pcs Set of Squeezy Chu Chu Family Duck Bath Toys Best for 0-12 Months Baby Boys and Girls  ,,,,₹799,₹329,Save ₹470 (59%),,,https://www.amazon.in/Tilak-Venture%C2%AE-Rattle-Squeezy-Family/dp/B097LPGYV6/ref=sr_1_53?dchild=1&keywords=baby+toys&qid=1625630727&sr=8-53
"Soniya Enterprises Pack of 4 Elegant Soft Toys Combo Set Bull Dog , Pink Balloon , Yellow Unicorn , Grey Mother Elephant Special Offers Toy Animals for You - 42 cm (Multicolor) - 42 cm (Multicolor)  ",,,,₹999,₹499,Save ₹500 (50%),2.5 out of 5 stars,3,https://www.amazon.in/Soniya-Enterprises-Elegant-Balloon-Elephant/dp/B092MBB9R7/ref=sr_1_54?dchild=1&keywords=baby+toys&qid=1625630727&sr=8-54
"WISHKEY Set of 3 Plastic Non-Toxic Shake and Grab Ball Baby Rattles, Educational and Developmental Toys with Storage Bag for New Born Toddler Kids (Pack of 3, Multicolor)  ",Best seller,,,₹399,₹279,Save ₹120 (30%),4.4 out of 5 stars,"11,058",https://www.amazon.in/gp/bestsellers/toys/1378181031/ref=sr_bs_6_1378181031_1
"Toyshine Plastic Concept Musical and 3D Lights Transparent Toy Car for 2 to 5 Year Kids, Multicolor  ",,,,₹999,₹529,Save ₹470 (47%),4.3 out of 5 stars,"1,906",https://www.amazon.in/Toyshine-Concept-Musical-Lights-Transparent/dp/B088ZRY2HF/ref=sr_1_56?dchild=1&keywords=baby+toys&qid=1625630727&sr=8-56
"Luvlap - 18588 Multi Textured Grab Balls for Baby, Multicolor  ",Limited time deal,,,₹599,₹411,Save ₹188 (31%),4.3 out of 5 stars,297,https://www.amazon.in/Luvlap-Multi-Textured-Balls-Multicolor/dp/B07NDD51SN/ref=sr_1_57?dchild=1&keywords=baby+toys&qid=1625630727&sr=8-57
Little Innocents® Polyester Fiber Filled Elephant Baby Pillow Cum Soft Toy with Small Baby Ball (Grey)  ,,,Only 2 left in stock.,"₹1,699",₹699,"Save ₹1,000 (59%)",4.1 out of 5 stars,128,https://www.amazon.in/Little-Innocents%C2%AE-Polyester-Filled-Elephant/dp/B08XC1NJJ5/ref=sr_1_58?dchild=1&keywords=baby+toys&qid=1625630727&sr=8-58
Grizzly Wooden Intellectual Geometric Shape Matching Five Column Blocks Educational & Learning Toys  ,,,,₹500,₹427,Save ₹73 (15%),4.3 out of 5 stars,"1,395",https://www.amazon.in/Grizzly-Geometric-Matching-Educational-Learning/dp/B07GFN2981/ref=sr_1_49?dchild=1&keywords=baby+toys&qid=1625630727&sr=8-49
"Wishmaster Baby 🐧 Squeeze Bath Toys With Pee Pee Sound, Made Of Safe Rubber Squirter Baby Bath Tub | Shower | Pool | Early Age Toys | Age Group 3 Months Till 3 Years | Good Gifts For Babies 🎁🎁 | Infant Toys | 3 Month & Above  ",,,,₹498,₹398,Save ₹100 (20%),5.0 out of 5 stars,1,https://www.amazon.in/Wishmaster-Squeeze-Toys-Rubber-Squirter/dp/B093FQRC33/ref=sr_1_50?dchild=1&keywords=baby+toys&qid=1625630727&sr=8-50
Toyshine Toys for Baby - 14 Pcs Chu Chu Toys Toddler Baby Bathtub Bathing Squeeze Bath Toys Non-Toxic  ,,,,₹799,₹389,Save ₹410 (51%),3.9 out of 5 stars,47,https://www.amazon.in/Toyshine-Toys-Baby-Toddler-Non-Toxic/dp/B08R6ZTSMW/ref=sr_1_51?dchild=1&keywords=baby+toys&qid=1625630727&sr=8-51
"KWT Baby Kids Water Play Mat Toys Inflatable Tummy Time Leakproof Water Play Mat, Fun Activity Play Center Indoor and Outdoor Water Play Mat for Baby(Regular)  ",,,,,₹849,,4.7 out of 5 stars,84,https://www.amazon.in/KWT-Inflatable-Leakproof-Activity-Outdoor/dp/B096X49FBZ/ref=sr_1_52?dchild=1&keywords=baby+toys&qid=1625630727&sr=8-52
"Future shop Combo of 4 Soft Toys for Kids White Rabbit (28 cm), Panda (30 cm) Penguin (25 cm), Dolpin (20 cm) - Multicolor  ",,,,"₹1,300",₹499,Save ₹801 (62%),5.0 out of 5 stars,1,https://www.amazon.in/Future-shop-Rabbit-Penguin-Dolpin/dp/B096467VNV/ref=sr_1_53?dchild=1&keywords=baby+toys&qid=1625630727&sr=8-53
"EVOHOME® My First Step Baby Kids Activity Walker Baby Walking Support Learning Birthday Walking Toy Walker for Both Boy and Girl, 9 Months -1.5 Year (Yellow Blue)  ",,,,"₹2,499",₹999,"Save ₹1,500 (60%)",2.7 out of 5 stars,6,https://www.amazon.in/EVOHOME%C2%AE-Activity-Walking-Learning-Birthday/dp/B0974HZJQ9/ref=sr_1_54?dchild=1&keywords=baby+toys&qid=1625630727&sr=8-54
Funskool Giggles Stacking Drums  ,,,,₹175,₹149,Save ₹26 (15%),4.5 out of 5 stars,"1,365",https://www.amazon.in/Funskool-2881071400-Giggles-Stacking-Drums/dp/B000OIGLOM/ref=sr_1_55?dchild=1&keywords=baby+toys&qid=1625630727&sr=8-55
"FunBlast Unbreakable Pull Back Vehicles, Push and go Crawling Toy Car for Kids & Children, Friction Powered car Toy for 3+ Years Old Boys|Girls (Set of 7) - Multi Color  ",Best sellerLimited time deal,,,₹899,₹635,Save ₹264 (29%),4.0 out of 5 stars,"3,183",https://www.amazon.in/gp/bestsellers/toys/1378255031/ref=sr_bs_7_1378255031_1
"Little's Baby Soft Ball with Rattle Sound-Plush,Multicolor,Large Size (18 cm)  ",Best seller,,,,₹339,,4.0 out of 5 stars,"5,087",https://www.amazon.in/gp/bestsellers/toys/1378178031/ref=sr_bs_8_1378178031_1
"HUG 'N' FEEL SOFT TOYS Mouse Soft Toy | Birthday Gift for Girls/Wife, Boyfriend/Husband, Soft Toys Wedding for Couple Special, Baby Toys Gift Items, Teddy Bear, (Height 52cm)  ",Deal of the Day ,,,₹899,₹539,Save ₹360 (40%),4.1 out of 5 stars,96,https://www.amazon.in/HUG-FEEL-SOFT-TOYS-Boyfriend/dp/B08VGQ3RN2/ref=sr_1_58?dchild=1&keywords=baby+toys&qid=1625630727&sr=8-58
"Supples Baby Pants Diapers, Large (9-14 kg), 62 Count  ",,Sponsored,,₹949,₹588,Save ₹361 (38%),3.9 out of 5 stars,"79,286",https://www.amazon.in/gp/slredirect/picassoRedirect.html/ref=pa_sp_mtf_aps_sr_pg2_1?ie=UTF8&adId=A05731201U8LTWRFD1KNH&url=%2FSupples-Pants-Diapers-Large-Count%2Fdp%2FB07Q2BRTV7%2Fref%3Dsr_1_59_sspa%3Fdchild%3D1%26keywords%3Dbaby%2Btoys%26qid%3D1625630727%26sr%3D8-59-spons%26psc%3D1&qualifier=1625630727&id=6725483174510079&widgetName=sp_mtf
Toyshine Learning House Baby Activity Play Centre (1-3 Years)  ,,Sponsored,,"₹2,499","₹1,999",Save ₹500 (20%),4.4 out of 5 stars,349,https://www.amazon.in/gp/slredirect/picassoRedirect.html/ref=pa_sp_mtf_aps_sr_pg2_1?ie=UTF8&adId=A09646161YC1M5HRR62ER&url=%2FToyshine-Learning-House-Activity-Centre%2Fdp%2FB073WTNSSJ%2Fref%3Dsr_1_60_sspa%3Fdchild%3D1%26keywords%3Dbaby%2Btoys%26qid%3D1625630727%26sr%3D8-60-spons%26psc%3D1&qualifier=1625630727&id=6725483174510079&widgetName=sp_mtf
Mee Mee Mild Baby Liquid Laundry Detergent (1.5 L - Bottle)  ,,Sponsored,,₹749,₹586,Save ₹163 (22%),4.4 out of 5 stars,"1,931",https://www.amazon.in/gp/slredirect/picassoRedirect.html/ref=pa_sp_mtf_aps_sr_pg2_1?ie=UTF8&adId=A08129552DL0WCYR0MX8O&url=%2FMee-Mild-Liquid-Laundry-Detergent%2Fdp%2FB0789HXX16%2Fref%3Dsr_1_61_sspa%3Fdchild%3D1%26keywords%3Dbaby%2Btoys%26qid%3D1625630727%26sr%3D8-61-spons%26psc%3D1&qualifier=1625630727&id=6725483174510079&widgetName=sp_mtf
Small Baby Toys This Phone is Work in battery's  ,,Sponsored,Only 1 left in stock.,,₹399,,,,https://www.amazon.in/gp/slredirect/picassoRedirect.html/ref=pa_sp_mtf_aps_sr_pg2_1?ie=UTF8&adId=A020784016WZYNQCLWB3M&url=%2FSmall-Baby-Toys-Phone-batterys%2Fdp%2FB0915ZF5JJ%2Fref%3Dsr_1_62_sspa%3Fdchild%3D1%26keywords%3Dbaby%2Btoys%26qid%3D1625630727%26sr%3D8-62-spons%26psc%3D1&qualifier=1625630727&id=6725483174510079&widgetName=sp_mtf
"DEALS INDIA Mother Elephant with 2 Babies Soft Toy- 32 cm, Grey  ",,,,₹699,₹319,Save ₹380 (54%),3.9 out of 5 stars,156,https://www.amazon.in/DEALS-INDIA-Mother-Elephant-Babies/dp/B08GFS5X11/ref=sr_1_63?dchild=1&keywords=baby+toys&qid=1625630727&sr=8-63
"Chic Buddy BPA-Free Silicone Finger Shape Soft Bendable Highly Effective Baby Teether Toy (6-12 Months, Orange)  ",,,,₹279,₹229,Save ₹50 (18%),4.2 out of 5 stars,"2,233",https://www.amazon.in/Chic-Buddy-BPA-free-Silicone-Effective/dp/B07L8DP77F/ref=sr_1_64?dchild=1&keywords=baby+toys&qid=1625630727&sr=8-64
"Fair Plastic Build Up Beakers Stacking and Nesting Toy for Kids, Multicolour - 12 Pieces  ",,,,,₹165,,4.2 out of 5 stars,794,https://www.amazon.in/Fair-Build-Up-Beakers-Stacking/dp/B086968947/ref=sr_1_65?dchild=1&keywords=baby+toys&qid=1625630727&sr=8-65
"Mother's World Kid Caterpillar Soft Toy (Medium, Multicolour)  ",,,,₹399,₹199,Save ₹200 (50%),3.5 out of 5 stars,346,https://www.amazon.in/Mothers-World-Caterpillar-Multicolour-Plush/dp/B07X1YZXNM/ref=sr_1_66?dchild=1&keywords=baby+toys&qid=1625630727&sr=8-66
Gifts Online Dancing Dalmatian Dog with Flashing Lights + Music  ,,,,₹500,₹374,Save ₹126 (25%),4.1 out of 5 stars,"1,259",https://www.amazon.in/Jiada-Dancing-Dalmatian-Flashing-Lights/dp/B01KQ4EMQM/ref=sr_1_67?dchild=1&keywords=baby+toys&qid=1625630727&sr=8-67
"VELLIQUE First Baby Block Toy Baby and Toddler Toy Plastic First Block Shape, Sorter, Colors, ABCD Shape, Toys for 1 Year Old (Multicolor)  ",,,,₹699,₹599,Save ₹100 (14%),,,https://www.amazon.in/VELLIQUE-Toddler-Plastic-Sorter-Multicolor/dp/B097J3CDT7/ref=sr_1_68?dchild=1&keywords=baby+toys&qid=1625630727&sr=8-68
"Baby Tickle Baby Teether Fruit and Vegetable Shape Stick Chews Silicone Infant Bebe Dental Care Toothbrush Toddler Training Teething Ring, Freezer Safe Teethers for Newborn (Pack of 1)  ",,,,₹350,₹112,Save ₹238 (68%),3.6 out of 5 stars,4,https://www.amazon.in/Baby-Tickle-Vegetable-Silicone-Toothbrush/dp/B095M6CCPY/ref=sr_1_69?dchild=1&keywords=baby+toys&qid=1625630727&sr=8-69
"Future shop Pack of 4 Elegant Soft Toys Combo Set Appu Elephant, Penguin,Turtle,Rabbit Toy Animals for Kids/Girls/Boys - 30 cm (Multicolor)  ",,,,"₹1,999",₹585,"Save ₹1,414 (71%)",5.0 out of 5 stars,2,https://www.amazon.in/Future-shop-Elegant-Elephant-Penguin/dp/B097RZ9ZFK/ref=sr_1_70?dchild=1&keywords=baby+toys&qid=1625630727&sr=8-70
"Vibgyor Vibes; 5 PCS Plastic Lovely Colourful Musical Hanging Rattle Toys With Hanging Cartoons For Toddlers/Babies/Infants/Newborns, Multicolor  ",,,,₹650,₹467,Save ₹183 (28%),4.0 out of 5 stars,"2,901",https://www.amazon.in/Vibgyor-Vibes-Colourful-Cartoons-New-Borns/dp/B0756ZB49T/ref=sr_1_71?dchild=1&keywords=baby+toys&qid=1625630727&sr=8-71
"CONCEPT RACING Mother Elephant with Two Babies for Kids, Children, Stuffed Animals Plush Toys (36 cm, Grey)  ",,,,₹999,₹260,Save ₹739 (74%),,,https://www.amazon.in/CONCEPT-RACING-Elephant-Children-Stuffed/dp/B0968XJTYD/ref=sr_1_72?dchild=1&keywords=baby+toys&qid=1625630727&sr=8-72
"Cable World Plastic Baby Bath Chu Chu Colorful Animal Shape Toy (Multicolor, Multi Design) - Set of 12 Pieces  ",Deal of the Day ,,,,₹279,,4.0 out of 5 stars,440,https://www.amazon.in/cable-world%C2%AE-colorful-animal-design/dp/B08FSTH38J/ref=sr_1_73?dchild=1&keywords=baby+toys&qid=1625630727&sr=8-73
"HUG 'n' FEEL SOFT TOYS 3 Feet Teddy Bear, Baby Toys, Toys for Girls, Birthday Gift for Girls/Wife, Boyfriend/ Husband | Wedding/Anniversary Gift for Couple Special, Soft Toy Gift Item, (3 Feet, Pink)  ",Best seller,,,"₹1,999",₹699,"Save ₹1,300 (65%)",4.1 out of 5 stars,"11,403",https://www.amazon.in/gp/bestsellers/toys/1378446031/ref=sr_bs_25_1378446031_1
"VEZOL® Big Size Happy Baby Musical Touch Sensors and Laughing Boy Doll for Kids Girls Boys (New Version 2020 Made in India, 35cm Length)  ",,,,"₹1,299",₹499,Save ₹800 (62%),3.9 out of 5 stars,17,https://www.amazon.in/VEZOL%C2%AE-Musical-Sensors-Laughing-Version/dp/B0971B84NJ/ref=sr_1_75?dchild=1&keywords=baby+toys&qid=1625630727&sr=8-75
"Royals Hub plastic Monkey Dancing And Spinning Rolling Doll (Small, Multicolor)  ",,,,,₹499,,4.3 out of 5 stars,278,https://www.amazon.in/Royals-Dancing-Spinning-Rolling-MixColor/dp/B08BTGGCZ4/ref=sr_1_76?dchild=1&keywords=baby+toys&qid=1625630727&sr=8-76
"Funskool-Giggles Nesting Eggs Gag Toys, Multi Color  ",,,,,₹175,,4.3 out of 5 stars,"3,379",https://www.amazon.in/Funskool-Giggles-Nesting-Eggs/dp/B00VVQJNMS/ref=sr_1_77?dchild=1&keywords=baby+toys&qid=1625630727&sr=8-77
"JEEYA Decor™ Baby Bedding Set with Mosquito Net Newborn Play Activity Gym with Hanging Toys Sleeping Bed for New Born Babies, Polycotton, 0-12 Months (78 * 63 * 58 cm, Pink)  ",,,,₹899,₹410,Save ₹489 (54%),3.8 out of 5 stars,107,https://www.amazon.in/DecorTM-Mosquito-Activity-Sleeping-Polycotton/dp/B08FBFQS5Y/ref=sr_1_78?dchild=1&keywords=baby+toys&qid=1625630727&sr=8-78
