name,badge_1,badge_2,badge_3,badge_4,mrp,discounted_price,discount,rating,rating_count,link
Hosley Mirror Wall Mirror Black ( 31 x 1 cms ) - Pack of 2,,,,,"Rs. 1,299",Rs.  725,44% Off,4.200000000000001,(91),https://www.snapdeal.com/product/hosley-decorative-wall-mirrors-black/668574504698#bcrumbSearch:wall%20mirror
Hosley Mirror Wall Mirror Black ( x cms ) - Pack of 2,,,,,"Rs. 1,500",Rs.  825,45% Off,4.0,(25),https://www.snapdeal.com/product/hosley-decorative-wall-mirrors-set/666957383386#bcrumbSearch:wall%20mirror
HIMANS Mirror Wall Mirror ( 60 x 45 cms ) - Pack of 1,,,,,"Rs. 1,500","Rs.  1,199",20% Off,3.299999999999999,(6),https://www.snapdeal.com/product/himans-mirror-wall-mirror-24/622119158540#bcrumbSearch:wall%20mirror
Lamjum Mirror Wall Mirror Black ( 2 x 25 cms ) - Pack of 1,,,,,Rs. 899,Rs.  519,42% Off,4.0,(7),https://www.snapdeal.com/product/lamjum-mirror-wall-mirror-black/621107021302#bcrumbSearch:wall%20mirror
ARANAUT Mirror Wall Mirror ( 18 x 15 cms ) - Pack of 1,,,,,"Rs. 4,500","Rs.  2,199",51% Off,,,https://www.snapdeal.com/product/aranaut-mirror-wall-mirror-18/677785362068#bcrumbSearch:wall%20mirror
ARVIND SANITARY PVT LTD Mirror Wall Mirror Gray ( 24 x 18 cms ) - Pack of 1,,,,,"Rs. 4,000",Rs.  999,75% Off,5.0,(1),https://www.snapdeal.com/product/arvind-sanitary-pvt-ltd-mirror/653159353241#bcrumbSearch:wall%20mirror
Hosley Square Decorative Wall Mirrors - Set of 2,,2 left!,,,"Rs. 1,199",Rs.  649,46% Off,3.0,(9),https://www.snapdeal.com/product/hosley-square-decorative-wall-mirrors/637853609725#bcrumbSearch:wall%20mirror
HIMANS Mirror Wall Mirror ( 24 x 18 cms ) - Pack of 1,,,,,"Rs. 1,500","Rs.  1,199",20% Off,5.0,(1),https://www.snapdeal.com/product/himans-mirror-wall-mirror-24/644239224864#bcrumbSearch:wall%20mirror
Elegant Arts & Frames Mirror Wall Mirror Multi ( 70 x 55 cms ) - Pack of 1,,5 left!,,,"Rs. 4,155","Rs.  3,155",24% Off,,,https://www.snapdeal.com/product/elegant-arts-frames-mirror-wall/634310733762#bcrumbSearch:wall%20mirror
HIMANS Mirror Wall Mirror ( 24 x 18 cms ) - Pack of 1,,,,,"Rs. 2,000",Rs.  999,50% Off,5.0,(1),https://www.snapdeal.com/product/himans-mirror-wall-mirror-24/675146272271#bcrumbSearch:wall%20mirror
HIMANS Mirror Wall Mirror ( 45 x 38 cms ) - Pack of 1,,,,,"Rs. 3,000",Rs.  725,76% Off,4.0,(1),https://www.snapdeal.com/product/himans-mirror-wall-mirror-18/670471609829#bcrumbSearch:wall%20mirror
CEPS Mirror Wall Mirror Gold ( 66 x 66 cms ) - Pack of 1,,,,,"Rs. 2,400","Rs.  1,649",31% Off,3.0,(1),https://www.snapdeal.com/product/ceps-mirror-wall-mirror-gold/676911909240#bcrumbSearch:wall%20mirror
ARANAUT Mirror Wall Mirror ( 30 x 18 cms ) - Pack of 1,,,,,"Rs. 15,000","Rs.  7,500",50% Off,,,https://www.snapdeal.com/product/aranaut-mirror-wall-mirror-30/623626362549#bcrumbSearch:wall%20mirror
ARVIND SANITARY PVT LTD Mirror Wall Mirror ( 18 x 15 cms ) - Pack of 1,,,,,"Rs. 2,000",Rs.  699,65% Off,5.0,(1),https://www.snapdeal.com/product/arvind-sanitary-pvt-ltd-mirror/644594183731#bcrumbSearch:wall%20mirror
HIMANS Mirror Wall Mirror ( 45 x 38 cms ) - Pack of 1,,,,,"Rs. 3,000","Rs.  1,049",65% Off,5.0,(1),https://www.snapdeal.com/product/himans-mirror-wall-mirror-18/639887557571#bcrumbSearch:wall%20mirror
Elegant Arts & Frames White with Golden Design Decorative Synthetic  Mirror,,,,,"Rs. 1,999","Rs.  1,999",,5.0,(1),https://www.snapdeal.com/product/elegant-arts-frames-wall-mirror/639302126370#bcrumbSearch:wall%20mirror
"Hosley Decorative Round Wall Mirrors, 12 Inches - Black (Set of 2)",,,,,Rs. 999,Rs.  599,40% Off,3.9000000000000004,(85),https://www.snapdeal.com/product/hosley-round-decorative-wall-mirrors/653150947539#bcrumbSearch:wall%20mirror
ARVIND SANITARY PVT LTD Mirror Wall Mirror ( 24 x 18 cms ) - Pack of 1,,,,,"Rs. 4,000","Rs.  1,201",70% Off,,,https://www.snapdeal.com/product/arvind-sanitary-pvt-ltd-mirror/631497549419#bcrumbSearch:wall%20mirror
Hosley Decorative Metal Studded Round Wall Mirror,,2 left!,,,"Rs. 4,500","Rs.  2,843",37% Off,3.8,(4),https://www.snapdeal.com/product/hosley-decorative-metal-studded-round/666777236735#bcrumbSearch:wall%20mirror
ARVIND SANITARY Mirror Wall Mirror ( 18 x 18 cms ) - Pack of 1,,,,,"Rs. 1,500",Rs.  999,33% Off,1.0,(1),https://www.snapdeal.com/product/arvind-sanitary-mirror-wall-mirror/670938798162#bcrumbSearch:wall%20mirror
ARVIND SANITARY Mirror Wall Mirror ( 24 x 18 cms ) - Pack of 1,,,,,"Rs. 1,500",Rs.  949,37% Off,5.0,(1),https://www.snapdeal.com/product/arvind-sanitary-mirror-wall-mirror/637504073165
HIMANS Mirror Wall Mirror ( 45 x 38 cms ) - Pack of 1,,,,,"Rs. 3,000","Rs.  1,049",65% Off,1.0,(1),https://www.snapdeal.com/product/himans-mirror-wall-mirror-18/679731322453
ARANAUT Mirror Wall Mirror Black ( 20 x 26 cms ) - Pack of 1,,,,,"Rs. 9,500","Rs.  4,300",55% Off,1.0,(1),https://www.snapdeal.com/product/aranaut-mirror-wall-mirror-black/634955107403
ARVIND SANITARY PVT LTD Mirror Wall Mirror ( 24 x 18 cms ) - Pack of 1,,,,,"Rs. 2,000",Rs.  999,50% Off,,,https://www.snapdeal.com/product/arvind-sanitary-pvt-ltd-mirror/628429633398
CasaGold Mirror Wall Mirror Gold ( 41 x 41 cms ) - Pack of 1,,6 left!,,,"Rs. 5,000","Rs.  3,128",37% Off,,,https://www.snapdeal.com/product/casagold-mirror-wall-mirror-gold/668146770698
ARVIND SANITARY Mirror Wall Mirror ( 60 x 45 cms ) - Pack of 1,,,,,"Rs. 1,500",Rs.  949,37% Off,,,https://www.snapdeal.com/product/arvind-sanitary-mirror-wall-mirror/665784513375
ARANAUT Mirror Wall Mirror ( 36 x 24 cms ) - Pack of 1,,,,,"Rs. 12,000","Rs.  8,500",29% Off,,,https://www.snapdeal.com/product/aranaut-mirror-wall-mirror-36/669537767296
ARANAUT Mirror Wall Mirror ( 30 x 18 cms ) - Pack of 1,,,,,"Rs. 15,000","Rs.  7,500",50% Off,,,https://www.snapdeal.com/product/aranaut-mirror-wall-mirror-30/685363598814
ARANAUT Mirror Wall Mirror ( 24 x 36 cms ) - Pack of 1,,,,,"Rs. 10,500","Rs.  8,500",19% Off,,,https://www.snapdeal.com/product/aranaut-mirror-wall-mirror-24/633590553620
Aswath Seashell Mirror Wall Mirror Multi ( 40 x 32 cms ) - Pack of 1,,5 left!,,,"Rs. 1,500",Rs.  794,47% Off,,,https://www.snapdeal.com/product/aswath-seashell-mirror-wall-mirror/682635273174
ARANAUT Mirror Wall Mirror ( 30 x 18 cms ) - Pack of 1,,,,,"Rs. 9,800","Rs.  7,500",23% Off,,,https://www.snapdeal.com/product/aranaut-mirror-wall-mirror-30/679961480101
ARANAUT Mirror Wall Mirror ( 30 x 18 cms ) - Pack of 1,,,,,"Rs. 10,500","Rs.  7,500",29% Off,,,https://www.snapdeal.com/product/aranaut-mirror-wall-mirror-30/656912980710
ARANAUT Mirror Wall Mirror ( 18 x 15 cms ) - Pack of 1,,,,,"Rs. 4,500","Rs.  2,199",51% Off,,,https://www.snapdeal.com/product/aranaut-mirror-wall-mirror-18/641954119619
ARANAUT Mirror Wall Mirror White ( 20 x 26 cms ) - Pack of 1,,,,,"Rs. 7,000","Rs.  4,300",39% Off,,,https://www.snapdeal.com/product/aranaut-mirror-wall-mirror-white/638379331814
Bandhans Mirror Wall Mirror White ( 60 x 45 cms ) - Pack of 1,,,,,"Rs. 9,999","Rs.  4,199",58% Off,,,https://www.snapdeal.com/product/bandhans-mirror-wall-mirror-white/639702266748
ARANAUT Mirror Wall Mirror ( 36 x 24 cms ) - Pack of 1,,,,,"Rs. 17,000","Rs.  8,500",50% Off,,,https://www.snapdeal.com/product/aranaut-mirror-wall-mirror-36/636546146856
ARANAUT Mirror Wall Mirror ( 18 x 30 cms ) - Pack of 1,,,,,"Rs. 9,800","Rs.  7,500",23% Off,,,https://www.snapdeal.com/product/aranaut-mirror-wall-mirror-18/650676838242
ARANAUT Mirror Wall Mirror ( 18 x 15 cms ) - Pack of 1,,,,,"Rs. 4,500","Rs.  2,199",51% Off,,,https://www.snapdeal.com/product/aranaut-mirror-wall-mirror-18/646291403575
House Of Quirk Mirror Wall Mirror ( 2 x 20 cms ) - Pack of 2,,,,,"Rs. 2,999",Rs.  903,70% Off,,,https://www.snapdeal.com/product/house-of-quirk-mirror-wall/634547347587
HIMANS Mirror Wall Mirror ( 45 x 38 cms ) - Pack of 1,,,,,"Rs. 3,000","Rs.  1,251",58% Off,,,https://www.snapdeal.com/product/himans-mirror-wall-mirror-18/683174447418
ARVIND SANITARY PVT LTD Mirror Wall Mirror ( 24 x 18 cms ) - Pack of 1,,,,,"Rs. 4,000","Rs.  1,201",70% Off,,,https://www.snapdeal.com/product/arvind-sanitary-pvt-ltd-mirror/660700218119
Elegant Arts & Frames Mirror Wall Mirror White ( 55 x 40 cms ) - Pack of 1,,5 left!,,,"Rs. 11,350","Rs.  11,240",1% Off,,,https://www.snapdeal.com/product/elegant-arts-frames-mirror-wall/660774717527
ARANAUT Mirror Wall Mirror ( 30 x 18 cms ) - Pack of 1,,,,,"Rs. 11,500","Rs.  7,500",35% Off,,,https://www.snapdeal.com/product/aranaut-mirror-wall-mirror-30/660143182652
ARANAUT Mirror Wall Mirror ( 30 x 18 cms ) - Pack of 1,,,,,"Rs. 9,800","Rs.  5,800",41% Off,,,https://www.snapdeal.com/product/aranaut-mirror-wall-mirror-30/653279193492
Bandhans Mirror Wall Mirror White ( 60 x 45 cms ) - Pack of 1,,,,,"Rs. 9,999","Rs.  4,518",55% Off,,,https://www.snapdeal.com/product/bandhans-mirror-wall-mirror-white/669366683552
ARANAUT Mirror Wall Mirror ( 18 x 15 cms ) - Pack of 1,,,,,"Rs. 4,500","Rs.  2,199",51% Off,,,https://www.snapdeal.com/product/aranaut-mirror-wall-mirror-18/682958364865
Bandhans Mirror Wall Mirror ( 45 x 68 cms ) - Pack of 1,,,,,"Rs. 9,999","Rs.  5,200",48% Off,,,https://www.snapdeal.com/product/bandhans-mirror-wall-mirror-45/672168612456
ARVIND SANITARY PVT LTD Mirror Wall Mirror ( 18 x 15 cms ) - Pack of 1,,,,,"Rs. 2,000",Rs.  900,55% Off,,,https://www.snapdeal.com/product/arvind-sanitary-pvt-ltd-mirror/675184240534
Aswath Seashell Mirror Wall Mirror ( 21 x 21 cms ) - Pack of 1,,5 left!,,,Rs. 899,Rs.  599,33% Off,,,https://www.snapdeal.com/product/aswath-seashell-mirror-wall-mirror/676003563410
ARANAUT Mirror Wall Mirror ( 18 x 15 cms ) - Pack of 1,,,,,"Rs. 4,500","Rs.  2,199",51% Off,,,https://www.snapdeal.com/product/aranaut-mirror-wall-mirror-18/630728663159
ARANAUT Mirror Wall Mirror ( 36 x 24 cms ) - Pack of 1,,,,,"Rs. 12,000","Rs.  8,500",29% Off,,,https://www.snapdeal.com/product/aranaut-mirror-wall-mirror-36/663211691395
ARVIND SANITARY PVT LTD Mirror Wall Mirror ( 24 x 18 cms ) - Pack of 1,,,,,"Rs. 4,000","Rs.  1,201",70% Off,,,https://www.snapdeal.com/product/arvind-sanitary-pvt-ltd-mirror/641865915214
ARANAUT Mirror Wall Mirror White ( 60 x 45 cms ) - Pack of 1,,,,,"Rs. 9,000","Rs.  5,916",34% Off,,,https://www.snapdeal.com/product/aranaut-mirror-wall-mirror-white/624145382879
ARANAUT Mirror Wall Mirror ( 30 x 18 cms ) - Pack of 1,,,,,"Rs. 12,000","Rs.  7,500",38% Off,,,https://www.snapdeal.com/product/aranaut-mirror-wall-mirror-30/679884006436
ARVIND SANITARY Mirror Wall Mirror ( 21 x 21 cms ) - Pack of 1,,,,,"Rs. 1,500","Rs.  1,199",20% Off,,,https://www.snapdeal.com/product/arvind-sanitary-mirror-wall-mirror/638637069989
Bandhans Mirror Wall Mirror ( 53 x 53 cms ) - Pack of 1,,,,,"Rs. 9,999","Rs.  4,986",50% Off,,,https://www.snapdeal.com/product/bandhans-mirror-wall-mirror-53/653050996069
ARANAUT Mirror Wall Mirror ( 36 x 24 cms ) - Pack of 1,,,,,"Rs. 17,000","Rs.  8,500",50% Off,,,https://www.snapdeal.com/product/aranaut-mirror-wall-mirror-36/648554602182
ARANAUT Mirror Wall Mirror ( 18 x 15 cms ) - Pack of 1,,,,,"Rs. 4,400","Rs.  2,199",50% Off,,,https://www.snapdeal.com/product/aranaut-mirror-wall-mirror-18/649317708796
ARVIND SANITARY PVT LTD Mirror Wall Mirror Black ( 24 x 18 cms ) - Pack of 1,,,,,"Rs. 4,000","Rs.  1,201",70% Off,,,https://www.snapdeal.com/product/arvind-sanitary-pvt-ltd-mirror/654805735651
Lal Haveli Ethnic Mirror Embroidery Work Cotton Wall /  Door Hanging Red - Pack of 1,,1 left!,,,"Rs. 2,205",Rs.  690,69% Off,,,https://www.snapdeal.com/product/lal-haveli-ethnic-mirror-embroidery/625137479584
ARVIND SANITARY PVT LTD Mirror Wall Mirror ( 60 x 45 cms ) - Pack of 1,,,,,"Rs. 2,000",Rs.  999,50% Off,,,https://www.snapdeal.com/product/arvind-sanitary-pvt-ltd-mirror/678048086255
ARVIND SANITARY PVT LTD Mirror Wall Mirror ( 18 x 15 cms ) - Pack of 1,,,,,"Rs. 4,000","Rs.  1,201",70% Off,,,https://www.snapdeal.com/product/arvind-sanitary-pvt-ltd-mirror/625519412704
ARANAUT Mirror Wall Mirror ( 36 x 24 cms ) - Pack of 1,,,,,"Rs. 17,000","Rs.  8,500",50% Off,,,https://www.snapdeal.com/product/aranaut-mirror-wall-mirror-36/657584767759
ARANAUT Mirror Wall Mirror ( 18 x 15 cms ) - Pack of 1,,,,,"Rs. 4,500","Rs.  2,199",51% Off,,,https://www.snapdeal.com/product/aranaut-mirror-wall-mirror-18/653222755965
ARANAUT Mirror Wall Mirror ( 30 x 18 cms ) - Pack of 1,,,,,"Rs. 9,800","Rs.  7,500",23% Off,,,https://www.snapdeal.com/product/aranaut-mirror-wall-mirror-30/678977767201
ARANAUT Mirror Wall Mirror ( 18 x 15 cms ) - Pack of 1,,,,,"Rs. 4,500","Rs.  2,199",51% Off,,,https://www.snapdeal.com/product/aranaut-mirror-wall-mirror-18/639158356450
MAGIC MIRROR PHOTO FRAME Mirror Handheld Mirror White ( 15 x 5 cms ) - Pack of 1,,,,,Rs. 999,Rs.  450,55% Off,,,https://www.snapdeal.com/product/magic-mirror-photo-frame-mirror/623247217696
ARANAUT Mirror Wall Mirror ( 30 x 18 cms ) - Pack of 1,,,,,"Rs. 10,500","Rs.  7,500",29% Off,,,https://www.snapdeal.com/product/aranaut-mirror-wall-mirror-30/630042689575
Order Happiness Mirror Wall Mirror ( 53 x 10 cms ) - Pack of 1,,,,,"Rs. 12,600","Rs.  8,650",31% Off,,,https://www.snapdeal.com/product/order-happiness-mirror-wall-mirror/627597789676
ARANAUT Mirror Wall Mirror ( 30 x 18 cms ) - Pack of 1,,,,,"Rs. 9,800","Rs.  7,500",23% Off,,,https://www.snapdeal.com/product/aranaut-mirror-wall-mirror-30/634113739996
ARANAUT Mirror Wall Mirror ( 36 x 24 cms ) - Pack of 1,,,,,"Rs. 17,000","Rs.  8,500",50% Off,,,https://www.snapdeal.com/product/aranaut-mirror-wall-mirror-36/676194365102
Bandhans Mirror Wall Mirror ( 60 x 45 cms ) - Pack of 1,,,,,"Rs. 9,999","Rs.  4,999",50% Off,,,https://www.snapdeal.com/product/bandhans-mirror-wall-mirror-60/659132180772
ARANAUT Mirror Wall Mirror ( 30 x 18 cms ) - Pack of 1,,,,,"Rs. 15,000","Rs.  7,500",50% Off,,,https://www.snapdeal.com/product/aranaut-mirror-wall-mirror-30/668756460230
ARANAUT Mirror Wall Mirror Off White ( 20 x 26 cms ) - Pack of 1,,,,,"Rs. 9,400","Rs.  4,400",53% Off,,,https://www.snapdeal.com/product/aranaut-mirror-wall-mirror-off/625737663812
ARVIND SANITARY PVT LTD Mirror Wall Mirror ( 24 x 18 cms ) - Pack of 1,,,,,"Rs. 4,000","Rs.  1,201",70% Off,,,https://www.snapdeal.com/product/arvind-sanitary-pvt-ltd-mirror/630497296356
ARVIND SANITARY PVT LTD Mirror Wall Mirror ( 18 x 15 cms ) - Pack of 1,,,,,"Rs. 2,000",Rs.  900,55% Off,,,https://www.snapdeal.com/product/arvind-sanitary-pvt-ltd-mirror/666015099390
ARANAUT Mirror Wall Mirror ( 36 x 24 cms ) - Pack of 1,,,,,"Rs. 17,000","Rs.  8,500",50% Off,,,https://www.snapdeal.com/product/aranaut-mirror-wall-mirror-36/642736067219
House Of Quirk Mirror Wall Mirror ( 30 x 30 cms ) - Pack of 4,,,,,"Rs. 2,999","Rs.  1,504",50% Off,,,https://www.snapdeal.com/product/house-of-quirk-mirror-wall/683795264964
ARANAUT Mirror Wall Mirror ( 30 x 18 cms ) - Pack of 1,,,,,"Rs. 15,000","Rs.  7,500",50% Off,,,https://www.snapdeal.com/product/aranaut-mirror-wall-mirror-30/678828547475
ARANAUT Mirror Wall Mirror ( 18 x 15 cms ) - Pack of 1,,,,,"Rs. 4,500","Rs.  2,199",51% Off,,,https://www.snapdeal.com/product/aranaut-mirror-wall-mirror-18/639851506217
ARANAUT Mirror Wall Mirror ( 18 x 15 cms ) - Pack of 1,,,,,"Rs. 4,500","Rs.  2,199",51% Off,,,https://www.snapdeal.com/product/aranaut-mirror-wall-mirror-18/652604061241
FOYER Mirror Wall Mirror Silver ( 80 x 40 cms ) - Pack of 1,,1 left!,,,"Rs. 42,000","Rs.  42,000",,,,https://www.snapdeal.com/product/foyer-metal-green-carved-wooden/2046726041
ARANAUT Mirror Wall Mirror ( 36 x 24 cms ) - Pack of 1,,,,,"Rs. 17,000","Rs.  8,500",50% Off,,,https://www.snapdeal.com/product/aranaut-mirror-wall-mirror-36/642990032334
Bandhans Mirror Wall Mirror White ( 53 x 53 cms ) - Pack of 1,,,,,"Rs. 9,999","Rs.  4,056",59% Off,,,https://www.snapdeal.com/product/bandhans-mirror-wall-mirror-white/632909142047
ARANAUT Mirror Wall Mirror ( 30 x 18 cms ) - Pack of 1,,,,,"Rs. 10,500","Rs.  7,500",29% Off,,,https://www.snapdeal.com/product/aranaut-mirror-wall-mirror-30/635654861429
ARANAUT Mirror Wall Mirror ( 18 x 12 cms ) - Pack of 1,,,,,"Rs. 4,000","Rs.  2,000",50% Off,,,https://www.snapdeal.com/product/aranaut-mirror-wall-mirror-18/670473345635
ARANAUT Mirror Wall Mirror ( 30 x 18 cms ) - Pack of 1,,,,,"Rs. 15,000","Rs.  7,500",50% Off,,,https://www.snapdeal.com/product/aranaut-mirror-wall-mirror-30/665891603910
ARANAUT Mirror Wall Mirror ( 18 x 15 cms ) - Pack of 1,,,,,"Rs. 4,500","Rs.  2,199",51% Off,,,https://www.snapdeal.com/product/aranaut-mirror-wall-mirror-18/667237780735
ARANAUT Mirror Wall Mirror ( 36 x 24 cms ) - Pack of 1,,,,,"Rs. 17,000","Rs.  8,500",50% Off,,,https://www.snapdeal.com/product/aranaut-mirror-wall-mirror-36/620026226046
ARANAUT Mirror Wall Mirror ( 18 x 15 cms ) - Pack of 1,,,,,"Rs. 4,500","Rs.  2,199",51% Off,,,https://www.snapdeal.com/product/aranaut-mirror-wall-mirror-18/656891974980
ARANAUT Mirror Wall Mirror ( 18 x 15 cms ) - Pack of 1,,,,,"Rs. 4,500","Rs.  2,199",51% Off,,,https://www.snapdeal.com/product/aranaut-mirror-wall-mirror-18/648875263217
Elegant Arts & Frames Silver Design Decorative Synthetic Mirror,,,,,"Rs. 1,999","Rs.  1,999",,,,https://www.snapdeal.com/product/elegant-arts-frames-wall-mirror/664957756127
ARANAUT Mirror Wall Mirror ( 30 x 18 cms ) - Pack of 1,,,,,"Rs. 11,000","Rs.  7,000",36% Off,,,https://www.snapdeal.com/product/aranaut-mirror-wall-mirror-30/670736157049
ARANAUT Mirror Wall Mirror ( 30 x 18 cms ) - Pack of 1,,,,,"Rs. 15,000","Rs.  7,500",50% Off,,,https://www.snapdeal.com/product/aranaut-mirror-wall-mirror-30/661384740629
ARANAUT Mirror Wall Mirror ( 36 x 24 cms ) - Pack of 1,,,,,"Rs. 18,000","Rs.  8,500",53% Off,,,https://www.snapdeal.com/product/aranaut-mirror-wall-mirror-36/657945163101
ARANAUT Mirror Wall Mirror ( 30 x 18 cms ) - Pack of 1,,,,,"Rs. 15,000","Rs.  7,500",50% Off,,,https://www.snapdeal.com/product/aranaut-mirror-wall-mirror-30/618547700306
ARVIND SANITARY PVT LTD Mirror Wall Mirror ( 18 x 15 cms ) - Pack of 1,,,,,"Rs. 2,000",Rs.  900,55% Off,,,https://www.snapdeal.com/product/arvind-sanitary-pvt-ltd-mirror/658330584252
ARANAUT Mirror Wall Mirror ( 24 x 36 cms ) - Pack of 1,,,,,"Rs. 10,500","Rs.  8,500",19% Off,,,https://www.snapdeal.com/product/aranaut-mirror-wall-mirror-24/664580075602
ARVIND SANITARY PVT LTD Mirror Wall Mirror ( 60 x 45 cms ) - Pack of 1,,,,,"Rs. 8,500","Rs.  3,126",63% Off,,,https://www.snapdeal.com/product/arvind-sanitary-pvt-ltd-mirror/626289031084
ARANAUT Mirror Wall Mirror ( 30 x 18 cms ) - Pack of 1,,,,,"Rs. 10,500","Rs.  7,500",29% Off,,,https://www.snapdeal.com/product/aranaut-mirror-wall-mirror-30/636409325382
